6	9	0,18299	-119,85558	0,183408	-119,85529	2020-04-06 06:35:50	13,631	25	56,5700444943478
6	9	0,18299	-119,85558	0,1831	-119,85529	2020-04-06 06:35:55	14,73	25	34,4882031330266
6	9	0,18299	-119,85558	0,182844	-119,85529	2020-04-06 06:36:00	11,528	22	36,1024329533341
6	9	0,18299	-119,85558	0,182538	-119,85529	2020-04-06 06:36:05	16,942	22	59,7152101166567
18	4	0,15109	-119,90952	0,151469	-119,90981	2020-04-06 06:49:20	15,639	9,63814036518668	53,0646155246133
18	4	0,15109	-119,90952	0,151221	-119,90981	2020-04-06 06:49:25	13,659	14,2281752535898	35,3838283911769
18	4	0,15109	-119,90952	0,150895	-119,90981	2020-04-06 06:49:30	15,27	20,7315853982193	38,8585167340139
38	1	0,15689	-119,9594	0,15718	-119,958981	2020-04-06 06:50:00	18,191	40	56,6613906268036
15	6	0,1218	-119,9043	0,122186	-119,90401	2020-04-06 07:09:20	18,776	15	53,6848846891935
15	6	0,1218	-119,9043	0,12191	-119,90401	2020-04-06 07:09:25	14,852	13	34,4882888082618
15	6	0,1218	-119,9043	0,121625	-119,90401	2020-04-06 07:09:30	13,06	12	37,66285898365
15	6	0,1218	-119,9043	0,121335	-119,90401	2020-04-06 07:09:35	10,449	13	60,9369114420022
2	4	0,15109	-119,90952	0,151515	-119,909566	2020-04-06 08:05:00	13,486	23,037	47,5338455105015
2	4	0,15109	-119,90952	0,151415	-119,909317	2020-04-06 08:05:05	12,002	26,03735	42,6086583566687
2	4	0,15109	-119,90952	0,151206	-119,909261	2020-04-06 08:05:10	11,402	28,0377	31,555962746474
2	4	0,15109	-119,90952	0,150913	-119,909239	2020-04-06 08:05:15	13,625	25,03805	36,9276743982176
2	4	0,15109	-119,90952	0,150629	-119,909233	2020-04-06 08:05:20	15,123	20,0384	60,3829840571959
49	12	0,20764	-119,81556	0,207297	-119,815967	2020-04-06 12:56:00	16,713	43	59,1841015011144
49	12	0,20764	-119,81556	0,207524	-119,815889	2020-04-06 12:56:05	15,027	43	38,7902314009124
49	12	0,20764	-119,81556	0,20784	-119,815859	2020-04-06 12:56:10	15,85	43	39,9992467884814
49	12	0,20764	-119,81556	0,208091	-119,815853	2020-04-06 12:56:15	14,68	45	59,8027017473217
10	9	0,18299	-119,85558	0,182567	-119,85529	2020-04-06 15:21:30	13,489	17	57,027729332141
10	9	0,18299	-119,85558	0,182855	-119,85529	2020-04-06 15:21:35	19,107	21	35,5691942220325
10	9	0,18299	-119,85558	0,183156	-119,85529	2020-04-06 15:21:40	14,334	19	37,1556045698284
49	12	0,20764	-119,81556	0,207669	-119,815173	2020-04-06 16:44:15	13,343	38	43,1528056385217
49	12	0,20764	-119,81556	0,20749	-119,815227	2020-04-06 16:44:20	14,022	39	40,6108994700999
49	12	0,20764	-119,81556	0,207392	-119,81546	2020-04-06 16:44:25	11,851	36	29,7337536988223
49	12	0,20764	-119,81556	0,207199	-119,815518	2020-04-06 16:44:30	13,123	36	49,2588472093943
49	12	0,20764	-119,81556	0,207113	-119,815724	2020-04-06 16:44:35	13,648	41	61,3716061410401
25	11	0,04147	-119,82861	0,04176	-119,829023	2020-04-06 17:16:20	18,543	28	56,1142204614213
25	11	0,04147	-119,82861	0,04176	-119,828706	2020-04-06 17:16:25	11,237	26	33,9674555078687
25	11	0,04147	-119,82861	0,04176	-119,828436	2020-04-06 17:16:30	17,092	27	37,6055886395667
25	11	0,04147	-119,82861	0,04176	-119,828171	2020-04-06 17:16:35	16,364	25	58,5038445078805
25	11	0,04147	-119,82861	0,041576	-119,828082	2020-04-06 17:16:40	14,159	28	59,8823497924468
2	1	0,15689	-119,9594	0,156466	-119,9594	2020-04-06 17:17:10	12,055	24,3561	47,1466485320785
2	1	0,15689	-119,9594	0,156786	-119,9594	2020-04-06 17:17:15	11,963	24,35645	11,5642722814522
2	1	0,15689	-119,9594	0,157081	-119,9594	2020-04-06 17:17:20	13,163	31,3568	21,2382308245912
2	1	0,15689	-119,9594	0,157373	-119,9594	2020-04-06 17:17:25	15,807	23,35715	53,7071491532878
27	11	0,04147	-119,82861	0,041181	-119,828982	2020-04-06 17:33:35	15,164	24	52,3803556469286
27	11	0,04147	-119,82861	0,04118	-119,828751	2020-04-06 17:33:40	15,891	24	35,8560085379722
27	11	0,04147	-119,82861	0,04118	-119,828446	2020-04-06 17:33:45	15,443	19	37,0457682935712
2	1	0,15689	-119,9594	0,157269	-119,95911	2020-04-06 17:46:30	13,101	28,4793	53,0646101877011
2	1	0,15689	-119,9594	0,156975	-119,95911	2020-04-06 17:46:35	15,499	33,47965	33,6030199341446
2	1	0,15689	-119,9594	0,156743	-119,95911	2020-04-06 17:46:40	16,88	32,48	36,1526101011392
2	1	0,15689	-119,9594	0,15643	-119,95911	2020-04-06 17:46:45	17,083	24,48035	60,4658510453852
2	1	0,15689	-119,9594	0,156476	-119,959106	2020-04-06 20:19:55	16,261	26,12365	56,4615548462685
2	1	0,15689	-119,9594	0,156789	-119,959109	2020-04-06 20:20:00	11,825	26,124	34,2511716612376
2	1	0,15689	-119,9594	0,157092	-119,95911	2020-04-06 20:20:05	16,469	28,12435	39,2981444778818
2	1	0,15689	-119,9594	0,157333	-119,95911	2020-04-06 20:20:10	12,802	34,1247	58,875415511292
44	1	0,15689	-119,9594	0,15718	-119,959014	2020-04-07 07:06:25	14,423	38	53,6847997065895
44	1	0,15689	-119,9594	0,157336	-119,959066	2020-04-07 07:06:30	18,082	39	61,9577449128755
2	4	0,15109	-119,90952	0,151507	-119,909854	2020-04-07 07:39:50	17,785	30,9793	59,4080910628967
2	4	0,15109	-119,90952	0,151433	-119,909661	2020-04-07 07:39:55	14,913	27,97965	41,2366590558832
2	4	0,15109	-119,90952	0,151393	-119,909332	2020-04-07 07:40:00	12,793	25,98	39,650425693911
2	4	0,15109	-119,90952	0,151186	-119,909262	2020-04-07 07:40:05	15,054	29,98035	30,609831757396
2	4	0,15109	-119,90952	0,150932	-119,909241	2020-04-07 07:40:10	13,538	26,9807	35,6525785899436
38	1	0,15689	-119,9594	0,15718	-119,958999	2020-04-07 07:41:20	10,561	42	55,0274233496686
44	1	0,15689	-119,9594	0,157271	-119,95911	2020-04-07 11:44:25	18,835	40	53,2413993785235
44	1	0,15689	-119,9594	0,157225	-119,958962	2020-04-07 11:44:30	14,972	43	61,3154631086871
49	12	0,20764	-119,81556	0,207311	-119,815955	2020-04-07 12:03:25	13,076	40	57,1615417231667
49	12	0,20764	-119,81556	0,207522	-119,815888	2020-04-07 12:03:30	15,955	41	38,760099381644
49	12	0,20764	-119,81556	0,207831	-119,815859	2020-04-07 12:03:35	12,264	38	39,4516125403866
49	12	0,20764	-119,81556	0,20808	-119,815853	2020-04-07 12:03:40	14,38	42	58,7807835930393
6	9	0,18299	-119,85558	0,183385	-119,85529	2020-04-07 12:14:35	15,329	25	54,4882526267494
6	9	0,18299	-119,85558	0,18313	-119,85529	2020-04-07 12:14:40	15,606	29	35,8073803845611
6	9	0,18299	-119,85558	0,182824	-119,85529	2020-04-07 12:14:45	12,814	23	37,1556048287877
6	9	0,18299	-119,85558	0,182532	-119,85529	2020-04-07 12:14:50	12,792	29	60,2778189761586
18	4	0,15109	-119,90952	0,151513	-119,90981	2020-04-07 12:55:05	15,515	12,255986996882	57,0277585354805
18	4	0,15109	-119,90952	0,151235	-119,90981	2020-04-07 12:55:10	14,733	12,4195572946972	36,0526144774398
18	4	0,15109	-119,90952	0,150942	-119,90981	2020-04-07 12:55:15	13,919	16,2128147453833	36,20302825051
9	13	0,15979	-119,80715	0,1595	-119,807566	2020-04-07 13:24:45	15,016	10	56,3874124363715
9	13	0,15979	-119,80715	0,1595	-119,80727	2020-04-07 13:24:50	18,033	8	34,8981848017831
9	13	0,15979	-119,80715	0,1595	-119,806977	2020-04-07 13:24:55	15,478	10	37,5484647531927
9	13	0,15979	-119,80715	0,1595	-119,806673	2020-04-07 13:25:00	15,67	10	62,0729908542591
22	14	0,1218	-119,79265	0,122195	-119,79294	2020-04-07 15:26:00	13,996	19	54,4883069054048
22	14	0,1218	-119,79265	0,121916	-119,79294	2020-04-07 15:26:05	13,545	16	34,7305063468913
22	14	0,1218	-119,79265	0,121645	-119,79294	2020-04-07 15:26:10	14,472	16	36,5634583979664
22	14	0,1218	-119,79265	0,121338	-119,79294	2020-04-07 15:26:15	18,625	18	60,6541179610915
49	12	0,20764	-119,81556	0,207649	-119,815182	2020-04-07 16:20:45	11,176	43	42,0433180588063
49	12	0,20764	-119,81556	0,207433	-119,815245	2020-04-07 16:20:50	14,817	40	41,9121831730767
27	11	0,04147	-119,82861	0,041184	-119,829035	2020-04-07 16:59:40	14,932	29,4	56,9618629570443
27	11	0,04147	-119,82861	0,041181	-119,828714	2020-04-07 16:59:45	12,77	29	34,1527742109442
27	11	0,04147	-119,82861	0,04118	-119,828457	2020-04-07 16:59:50	12,458	19,8	36,4592185409634
25	11	0,04147	-119,82861	0,04176	-119,82904	2020-04-07 17:05:05	15,335	28	57,6714712219937
25	11	0,04147	-119,82861	0,04176	-119,828715	2020-04-07 17:05:10	17,94	28	34,2951171660586
25	11	0,04147	-119,82861	0,04176	-119,828463	2020-04-07 17:05:15	17,171	29	36,1527158800805
25	11	0,04147	-119,82861	0,04176	-119,828155	2020-04-07 17:05:20	14,405	26	59,9963235615994
2	1	0,15689	-119,9594	0,15649	-119,9594	2020-04-07 17:13:35	14,47	32,38905	44,4779703132821
2	1	0,15689	-119,9594	0,156784	-119,9594	2020-04-07 17:13:40	11,449	31,3894	11,7866621330189
2	1	0,15689	-119,9594	0,157087	-119,9594	2020-04-07 17:13:45	15,241	23,38975	21,9054003792911
2	1	0,15689	-119,9594	0,157353	-119,9594	2020-04-07 17:13:50	12,051	28,3901	51,4832506376216
44	13	0,15979	-119,80715	0,160082	-119,807524	2020-04-08 06:42:00	14,868	42	52,7606635640833
44	13	0,15979	-119,80715	0,160081	-119,807232	2020-04-08 06:42:05	12,825	44	33,6178411961811
44	13	0,15979	-119,80715	0,16008	-119,806942	2020-04-08 06:42:10	14,492	40	39,6832962877627
44	13	0,15979	-119,80715	0,16008	-119,806695	2020-04-08 06:42:15	12,109	46	59,996168595437
49	12	0,20764	-119,81556	0,20731	-119,815956	2020-04-08 06:58:10	15,18	53	57,3181470018716
49	12	0,20764	-119,81556	0,207537	-119,815883	2020-04-08 06:58:15	14,064	53	37,6976432209615
49	12	0,20764	-119,81556	0,207803	-119,815861	2020-04-08 06:58:20	12,641	59	38,0619449973555
49	12	0,20764	-119,81556	0,208094	-119,815853	2020-04-08 06:58:25	15,511	47	60,0827116719449
38	1	0,15689	-119,9594	0,15718	-119,959001	2020-04-08 06:59:20	13,18	35	54,8473752400955
6	9	0,18299	-119,85558	0,183392	-119,85529	2020-04-08 06:59:35	15,507	30	55,1176030672588
6	9	0,18299	-119,85558	0,183078	-119,85529	2020-04-08 06:59:40	14,936	28	33,6983265999911
6	9	0,18299	-119,85558	0,182831	-119,85529	2020-04-08 06:59:45	15,497	25	36,7751296541516
6	9	0,18299	-119,85558	0,182525	-119,85529	2020-04-08 06:59:50	16,774	29	60,936863044121
18	4	0,15109	-119,90952	0,151493	-119,90981	2020-04-08 07:11:40	17,815	7,86182762407489	55,2078510560817
18	4	0,15109	-119,90952	0,151217	-119,90981	2020-04-08 07:11:45	18,679	11,5454628057149	35,2030587068683
18	4	0,15109	-119,90952	0,150943	-119,90981	2020-04-08 07:11:50	12,523	15,3269213553469	36,1526179212656
18	4	0,15109	-119,90952	0,150643	-119,90981	2020-04-08 07:11:55	13,22	20,1292744242004	59,2480557465935
2	4	0,15109	-119,90952	0,151482	-119,909563	2020-04-08 07:28:30	13,854	37,9797	43,8498690763799
2	4	0,15109	-119,90952	0,151198	-119,909532	2020-04-08 07:28:35	16,349	40,98005	12,0829540277568
2	4	0,15109	-119,90952	0,151122	-119,909319	2020-04-08 07:28:40	12,717	30,9804	22,6315737486061
2	4	0,15109	-119,90952	0,150898	-119,909257	2020-04-08 07:28:45	14,318	44,98075	36,2079977885252
2	4	0,15109	-119,90952	0,150605	-119,909237	2020-04-08 07:28:50	16,281	30,9811	62,4390395396462
15	6	0,1218	-119,9043	0,121934	-119,90401	2020-04-08 08:25:40	17,841	18	35,5224924837241
15	6	0,1218	-119,9043	0,121637	-119,90401	2020-04-08 08:25:45	14,75	16	36,9910975619126
15	6	0,1218	-119,9043	0,121353	-119,90401	2020-04-08 08:25:50	13,83	18	59,2480770783867
10	12	0,20764	-119,81556	0,207425	-119,815934	2020-04-08 10:40:15	17,724	10,9149262254225	47,9686152386764
10	12	0,20764	-119,81556	0,207651	-119,815884	2020-04-08 10:40:25	14,208	8,37628492699641	36,0476767678395
44	13	0,15979	-119,80715	0,160078	-119,806729	2020-04-08 11:28:30	14,549	34,7355846967797	56,7185271084527
44	13	0,15979	-119,80715	0,160079	-119,807016	2020-04-08 11:28:35	13,382	36,6111606661426	35,4216248947429
44	13	0,15979	-119,80715	0,16008	-119,807597	2020-04-08 11:28:45	16,337	42,0655400708992	59,2479541387364
46	9	0,18299	-119,85558	0,182998	-119,85587	2020-04-08 13:01:10	14,51	45,147604285203	32,2586315224703
46	9	0,18299	-119,85558	0,183148	-119,85587	2020-04-08 13:01:15	16,259	49,379468854069	36,721800825284
46	9	0,18299	-119,85558	0,183433	-119,85587	2020-04-08 13:01:25	13,703	49,4982514377374	58,8753916165833
25	6	0,1218	-119,9043	0,121408	-119,90401	2020-04-08 14:03:10	17,626	23,4775929345315	54,2197701976147
25	6	0,1218	-119,9043	0,121714	-119,90401	2020-04-08 14:03:15	17,703	24,4107750260141	33,6345113104766
25	6	0,1218	-119,9043	0,122243	-119,90401	2020-04-08 14:03:25	18,422	18,1145855949052	58,8754418593974
32	14	0,1218	-119,79265	0,1214	-119,79236	2020-04-08 15:58:40	14,542	31,4820559109916	54,9374531469978
32	14	0,1218	-119,79265	0,121693	-119,79236	2020-04-08 15:58:45	16,726	27,525041776533	34,3713966313959
32	14	0,1218	-119,79265	0,121994	-119,79236	2020-04-08 15:58:50	13,413	30,6075196077036	38,7966122303185
22	14	0,1218	-119,79265	0,122233	-119,79294	2020-04-08 17:04:00	18,081	13,5439628675034	57,9483070124684
22	14	0,1218	-119,79265	0,121934	-119,79294	2020-04-08 17:04:05	18,271	17,2681489086587	35,5224924837241
22	14	0,1218	-119,79265	0,121588	-119,79294	2020-04-08 17:04:10	14,913	23,1881380814042	39,9441550780857
22	14	0,1218	-119,79265	0,12134	-119,79294	2020-04-08 17:04:15	12,228	18,4865366210846	60,465876617463
25	11	0,04147	-119,82861	0,04176	-119,829016	2020-04-08 17:43:00	12,215	26,8366612089579	55,4790156485702
25	11	0,04147	-119,82861	0,04176	-119,828137	2020-04-08 17:43:15	11,898	21,1766164199582	61,6935344387913
25	11	0,04147	-119,82861	0,041599	-119,828078	2020-04-08 17:43:20	14,615	27,3217988446412	60,8699398109568
27	11	0,04147	-119,82861	0,041184	-119,829018	2020-04-08 17:51:35	12,626	21,5244136062946	55,4036362272093
27	11	0,04147	-119,82861	0,041182	-119,828751	2020-04-08 17:51:40	14,136	26,261566767588	35,6561383796941
27	11	0,04147	-119,82861	0,04118	-119,82817	2020-04-08 17:51:50	17,808	27,6787008058824	58,5966557390936
10	12	0,20764	-119,81556	0,207923	-119,815838	2020-04-08 22:04:05	20,702	21,1070562231778	44,111180328183
10	12	0,20764	-119,81556	0,207634	-119,815846	2020-04-08 22:04:15	21,516	17,6952422402996	31,8085375047573
10	12	0,20764	-119,81556	0,207483	-119,815848	2020-04-08 22:04:20	16,1	12,8897711944766	36,4732766652687
10	12	0,20764	-119,81556	0,207424	-119,815978	2020-04-08 22:04:25	19,693	4,41223660681762	52,3180938229171
7	12	0,20764	-119,81556	0,207291	-119,815983	2020-04-09 06:45:05	8,883	9,1675998684996	60,9777860934864
7	12	0,20764	-119,81556	0,2075	-119,815903	2020-04-09 06:45:15	15,864	0,884533563019007	41,1942993665415
7	12	0,20764	-119,81556	0,207647	-119,815885	2020-04-09 06:45:20	12,297	6,78047418571203	36,1464950309486
7	12	0,20764	-119,81556	0,20809	-119,815855	2020-04-09 06:45:35	12,08	10,9012676207178	59,8311217561481
8	12	0,20764	-119,81556	0,207287	-119,815982	2020-04-09 06:49:50	17,611	9,48834404625128	61,1764797773129
8	12	0,20764	-119,81556	0,207778	-119,815869	2020-04-09 06:50:10	11,447	7,17546315033695	37,6298719354936
8	12	0,20764	-119,81556	0,207935	-119,815861	2020-04-09 06:50:20	13,823	9,93440190038364	46,8637222686295
8	12	0,20764	-119,81556	0,208065	-119,815856	2020-04-09 06:50:25	9,651	9,99490744067943	57,5899386154227
8	12	0,20764	-119,81556	0,208078	-119,815856	2020-04-09 06:50:30	17,536	2,33343274054691	58,7819380403405
10	12	0,20764	-119,81556	0,207426	-119,815935	2020-04-09 06:53:25	17,432	8,7444257915608	48,0098375957357
10	12	0,20764	-119,81556	0,207501	-119,815905	2020-04-09 06:53:30	11,482	16,9798745335607	41,3585991857915
10	12	0,20764	-119,81556	0,208085	-119,815856	2020-04-09 06:53:50	13,89	8,22934304458231	59,4284447785956
12	12	0,20764	-119,81556	0,207649	-119,815886	2020-04-09 06:56:05	12,369	19,0421942370611	36,2631193087728
12	12	0,20764	-119,81556	0,20807	-119,815856	2020-04-09 06:56:20	12,465	20,8379822227728	58,0470366266259
12	12	0,20764	-119,81556	0,208083	-119,815856	2020-04-09 06:56:25	20,878	17,6190373494748	59,2434049635941
36	9	0,18299	-119,85558	0,182846	-119,85529	2020-04-09 07:11:00	16,684	42,6367168004322	36,0029771595705
36	9	0,18299	-119,85558	0,18315	-119,85529	2020-04-09 07:11:10	10,834	55,8277782625364	36,8287164854333
36	9	0,18299	-119,85558	0,183309	-119,85529	2020-04-09 07:11:15	9,08	52,9287724423297	47,9378000998151
38	1	0,15689	-119,9594	0,15718	-119,958991	2020-04-09 07:18:15	18,362	41,4245519632377	55,7506722594503
9	12	0,20764	-119,81556	0,207288	-119,81599	2020-04-09 07:37:20	11,608	6,19658454439853	61,7909287881438
9	12	0,20764	-119,81556	0,207419	-119,815938	2020-04-09 07:37:25	11,005	8,81167100357531	48,6880318832549
9	12	0,20764	-119,81556	0,20764	-119,815888	2020-04-09 07:37:35	12,135	14,1818601306184	36,471696156682
9	12	0,20764	-119,81556	0,207781	-119,81587	2020-04-09 07:37:40	15,655	9,66562648162425	37,868319194637
9	12	0,20764	-119,81556	0,207796	-119,815868	2020-04-09 07:37:45	8,725	8,21627328215876	38,3902398673183
9	12	0,20764	-119,81556	0,207938	-119,815862	2020-04-09 07:37:50	12,946	6,38512568244744	47,1769027875024
9	12	0,20764	-119,81556	0,20808	-119,815856	2020-04-09 07:37:55	12,897	8,71868135280251	58,9663291266288
5	12	0,20764	-119,81556	0,207281	-119,815991	2020-04-09 07:49:55	18,826	8,93629323998672	62,3722822459411
5	12	0,20764	-119,81556	0,207422	-119,815936	2020-04-09 07:50:00	15,362	18,1888323929911	48,327999263573
5	12	0,20764	-119,81556	0,207642	-119,815887	2020-04-09 07:50:10	10,42	14,105544673248	36,3611820484569
5	12	0,20764	-119,81556	0,207786	-119,815868	2020-04-09 07:50:15	15,587	24,4796984329845	37,9007954668796
5	12	0,20764	-119,81556	0,207932	-119,815862	2020-04-09 07:50:20	17,557	10,0792911237478	46,7107107018209
5	12	0,20764	-119,81556	0,208086	-119,815856	2020-04-09 07:50:25	13,06	18,0650142744775	59,5210605609329
36	12	0,20764	-119,81556	0,207419	-119,815937	2020-04-09 07:54:25	14,843	41,6812972398052	48,5920725629275
36	12	0,20764	-119,81556	0,207496	-119,815906	2020-04-09 07:54:30	15,175	33,8739930981637	41,6722072247847
36	12	0,20764	-119,81556	0,20764	-119,815888	2020-04-09 07:54:35	11,784	47,0219061544332	36,471696156682
36	12	0,20764	-119,81556	0,207792	-119,815868	2020-04-09 07:54:40	19,299	39,5918729503096	38,191329979127
36	12	0,20764	-119,81556	0,207936	-119,815862	2020-04-09 07:54:45	13,728	41,361668655951	47,0209671814451
36	12	0,20764	-119,81556	0,208088	-119,815856	2020-04-09 07:54:50	20,773	36,0725964986906	59,7064823880846
11	12	0,20764	-119,81556	0,207287	-119,815982	2020-04-09 08:43:50	15,695	4,33939444568588	61,1764797773129
11	12	0,20764	-119,81556	0,207418	-119,815933	2020-04-09 08:43:55	16,752	16,7435963685661	48,2656654166352
11	12	0,20764	-119,81556	0,20764	-119,815885	2020-04-09 08:44:05	9,77	11,6302393316283	36,1381135691412
11	12	0,20764	-119,81556	0,207922	-119,815862	2020-04-09 08:44:15	12,233	7,40939695560539	45,9447423200809
11	12	0,20764	-119,81556	0,208072	-119,815856	2020-04-09 08:44:20	15,849	7,83635233993911	58,2303574955195
11	12	0,20764	-119,81556	0,208087	-119,815855	2020-04-09 08:44:25	10,064	12,9575669791577	59,55242034127
46	9	0,18299	-119,85558	0,182698	-119,85587	2020-04-09 08:58:10	16,154	54,1160273826403	45,7608857713712
46	9	0,18299	-119,85558	0,182843	-119,85587	2020-04-09 08:58:15	9,056	49,7119088034213	36,1525712554633
46	9	0,18299	-119,85558	0,183134	-119,85587	2020-04-09 08:58:30	22,499	45,8437188618335	36,0029769263241
46	9	0,18299	-119,85558	0,183147	-119,85587	2020-04-09 08:58:35	14,487	50,1478794934004	36,6687318812778
46	9	0,18299	-119,85558	0,183285	-119,85587	2020-04-09 08:58:40	13,911	47,7690591462631	45,9981758892991
46	9	0,18299	-119,85558	0,183427	-119,85587	2020-04-09 08:58:45	17,138	58,34021886603	58,3183347972923
46	12	0,20764	-119,81556	0,207427	-119,815933	2020-04-09 09:41:20	20,677	64,9438841869182	47,7615763719271
46	12	0,20764	-119,81556	0,207651	-119,815885	2020-04-09 09:41:30	30,2	53,6481367464615	36,1588071307863
46	12	0,20764	-119,81556	0,207788	-119,815868	2020-04-09 09:41:35	29,305	57,5427080009825	37,9965855314332
46	12	0,20764	-119,81556	0,208072	-119,815856	2020-04-09 09:41:45	44,799	61,1580792994189	58,2303574955195
46	12	0,20764	-119,81556	0,208086	-119,815855	2020-04-09 09:41:50	49,884	55,1612574834452	59,4596454613056
14	12	0,20764	-119,81556	0,207288	-119,815991	2020-04-09 09:49:25	12,054	10,4474259341297	61,8770103763654
14	12	0,20764	-119,81556	0,207497	-119,815907	2020-04-09 09:49:35	9,098	21,5768200501749	41,7323933281107
14	12	0,20764	-119,81556	0,208085	-119,815856	2020-04-09 09:49:55	14,667	17,778132487014	59,4284447785956
13	13	0,15979	-119,80715	0,1595	-119,807536	2020-04-09 12:26:50	13,009	17,2782244256983	53,6847953866577
13	13	0,15979	-119,80715	0,1595	-119,807292	2020-04-09 12:26:55	9,577	1,39203556052946	35,904743987016
13	13	0,15979	-119,80715	0,1595	-119,806984	2020-04-09 12:27:00	11,505	0	37,155711833978
13	13	0,15979	-119,80715	0,1595	-119,806669	2020-04-09 12:27:05	14,946	12,2809951765101	62,4534696197453
18	4	0,15109	-119,90952	0,151515	-119,90981	2020-04-09 12:47:10	11,383	16,0933663347598	57,211319822418
18	4	0,15109	-119,90952	0,151201	-119,90981	2020-04-09 12:47:15	7,48	15,8446868052434	34,5278444855378
18	4	0,15109	-119,90952	0,15093	-119,90981	2020-04-09 12:47:20	8,932	8,57828083192288	36,8287625431366
13	13	0,15979	-119,80715	0,1595	-119,807554	2020-04-09 14:31:40	13,618	9,68350124225353	55,2980686868119
13	13	0,15979	-119,80715	0,1595	-119,807259	2020-04-09 14:31:45	17,886	12,7610133179932	34,4490615770554
13	13	0,15979	-119,80715	0,1595	-119,806956	2020-04-09 14:31:50	11,208	16,6736382893641	38,7966263276807
7	12	0,20764	-119,81556	0,208075	-119,815831	2020-04-09 19:48:55	25,497	26,247277556844	56,9883523098608
7	12	0,20764	-119,81556	0,208006	-119,815834	2020-04-09 19:49:00	23,954	32,0219061000033	50,8382194110116
7	12	0,20764	-119,81556	0,207936	-119,815837	2020-04-09 19:49:05	22,095	22,0963060253027	45,0777139986658
7	12	0,20764	-119,81556	0,207867	-119,81584	2020-04-09 19:49:10	18,847	29,3706962638601	40,0807919897452
7	12	0,20764	-119,81556	0,207795	-119,815843	2020-04-09 19:49:15	23,964	24,4767306090455	35,8787529692535
7	12	0,20764	-119,81556	0,207782	-119,815844	2020-04-09 19:49:20	31,297	12,5022072449636	35,3066110118737
7	12	0,20764	-119,81556	0,207638	-119,815846	2020-04-09 19:49:30	22,352	28,7736457267977	31,8023175250963
7	12	0,20764	-119,81556	0,207495	-119,815848	2020-04-09 19:49:40	24,065	28,2982487196851	35,8537535688377
7	12	0,20764	-119,81556	0,207488	-119,815848	2020-04-09 19:49:45	24,81	23,9387850142222	36,2104549692316
7	12	0,20764	-119,81556	0,207457	-119,815914	2020-04-09 19:49:50	14,824	24,3355930393162	44,3113321790071
7	12	0,20764	-119,81556	0,207426	-119,815979	2020-04-09 19:49:55	29,399	18,2896309922363	52,3153746619803
7	12	0,20764	-119,81556	0,20735	-119,816027	2020-04-09 19:50:05	21,655	15,1725985096067	61,1254739781002
10	12	0,20764	-119,81556	0,208081	-119,815831	2020-04-09 20:39:40	18,965	20,5141990037011	57,5557044956992
10	12	0,20764	-119,81556	0,208074	-119,815832	2020-04-09 20:39:45	16,642	25,7020159832537	56,9529757354129
10	12	0,20764	-119,81556	0,207929	-119,815838	2020-04-09 20:39:55	28,186	17,1288027388773	44,5895789026871
10	12	0,20764	-119,81556	0,207707	-119,815845	2020-04-09 20:40:10	23,376	23,273930422154	32,5542839517538
10	12	0,20764	-119,81556	0,207634	-119,815846	2020-04-09 20:40:15	22,384	17,2823381814486	31,8085375047573
10	12	0,20764	-119,81556	0,207488	-119,815848	2020-04-09 20:40:25	27,032	20,5057065340862	36,2104549692316
10	12	0,20764	-119,81556	0,207457	-119,815914	2020-04-09 20:40:30	21,998	19,667615257903	44,3113321790071
10	12	0,20764	-119,81556	0,207424	-119,815983	2020-04-09 20:40:35	24,697	33,6641938486189	52,8126328552543
12	12	0,20764	-119,81556	0,208072	-119,815832	2020-04-09 20:43:05	20,88	26,4801967341535	56,7646585269555
13	13	0,15979	-119,80715	0,16008	-119,806727	2020-04-09 20:43:15	21,777	14,5184696902123	57,0276709727236
13	13	0,15979	-119,80715	0,16008	-119,807018	2020-04-09 20:43:20	14,867	13,557874820435	35,4298276045044
12	12	0,20764	-119,81556	0,207786	-119,815844	2020-04-09 20:43:25	21,203	28,2223316286971	35,5077522206393
13	13	0,15979	-119,80715	0,16008	-119,807302	2020-04-09 20:43:25	12,581	21,2445414622734	36,4074364158741
12	12	0,20764	-119,81556	0,207779	-119,815844	2020-04-09 20:43:30	19,33	44,1559798765245	35,158692619632
13	13	0,15979	-119,80715	0,16008	-119,807601	2020-04-09 20:43:30	11,53	7,00453827493493	59,6215760492422
12	12	0,20764	-119,81556	0,207702	-119,815845	2020-04-09 20:43:35	28,563	20,2463864717383	32,4315652258525
12	12	0,20764	-119,81556	0,207629	-119,815846	2020-04-09 20:43:40	25,627	28,8416433423808	31,825053416932
12	12	0,20764	-119,81556	0,207491	-119,815848	2020-04-09 20:43:50	20,441	26,886060026235	36,0559575601833
12	12	0,20764	-119,81556	0,20746	-119,815913	2020-04-09 20:43:55	26,058	32,3872385208824	44,0600495948316
12	12	0,20764	-119,81556	0,207427	-119,81598	2020-04-09 20:44:00	26,708	20,5991440686759	52,3640371448291
12	12	0,20764	-119,81556	0,207418	-119,815999	2020-04-09 20:44:05	22,4	31,4371486567416	54,70095015545
12	12	0,20764	-119,81556	0,207349	-119,816027	2020-04-09 20:44:10	23,875	17,3397925262261	61,1842073921931
2	4	0,15109	-119,90952	0,151472	-119,909822	2020-04-09 20:44:25	39,598	74,4765518723349	54,1471753706004
2	4	0,15109	-119,90952	0,151407	-119,909607	2020-04-09 20:44:30	34,298	59,9185851832578	36,5521835471078
2	4	0,15109	-119,90952	0,151387	-119,909332	2020-04-09 20:44:35	34,204	81,9885973619998	39,0850960899087
2	4	0,15109	-119,90952	0,151229	-119,909278	2020-04-09 20:44:40	38,147	59,1292720270528	31,0320699082567
2	4	0,15109	-119,90952	0,150919	-119,909243	2020-04-09 20:44:45	39,973	47,7277611475836	36,1972305858638
2	4	0,15109	-119,90952	0,150607	-119,909233	2020-04-09 20:44:50	35,603	64,9722421856718	62,4730884967826
46	12	0,20764	-119,81556	0,208072	-119,815832	2020-04-09 20:46:15	25,882	50,2539775951337	56,7646585269555
46	12	0,20764	-119,81556	0,207999	-119,815835	2020-04-09 20:46:20	22,348	49,9083537857579	50,2848246504869
46	12	0,20764	-119,81556	0,207926	-119,815838	2020-04-09 20:46:25	28,54	47,3251341669596	44,3497701181026
46	12	0,20764	-119,81556	0,207855	-119,815841	2020-04-09 20:46:30	23,633	47,8737895320158	39,3424181591748
46	12	0,20764	-119,81556	0,207569	-119,815847	2020-04-09 20:46:50	22,689	54,833839051559	32,8747790726451
46	12	0,20764	-119,81556	0,207491	-119,815848	2020-04-09 20:47:00	24,692	54,1259750124423	36,0559575601833
46	12	0,20764	-119,81556	0,207426	-119,815983	2020-04-09 20:47:10	20,742	65,2026597938832	52,7118666043716
46	12	0,20764	-119,81556	0,207419	-119,815998	2020-04-09 20:47:15	27,327	46,9179191443195	54,551564585127
8	12	0,20764	-119,81556	0,208142	-119,815762	2020-04-09 20:53:35	29,79	27,0036455602616	60,1694497694922
8	12	0,20764	-119,81556	0,208075	-119,81579	2020-04-09 20:53:40	24,247	16,0503401674322	54,71471756869
8	12	0,20764	-119,81556	0,208067	-119,815793	2020-04-09 20:53:45	21,19	24,1848038880323	54,0889067124927
8	12	0,20764	-119,81556	0,207993	-119,815803	2020-04-09 20:53:50	26,823	24,0158700026476	47,6528605663413
8	12	0,20764	-119,81556	0,207853	-119,815822	2020-04-09 20:54:00	18,391	16,1872541784308	37,5457200104844
8	12	0,20764	-119,81556	0,207784	-119,815831	2020-04-09 20:54:05	25,333	33,7502888175667	34,1236257164992
8	12	0,20764	-119,81556	0,207565	-119,81584	2020-04-09 20:54:20	18,068	32,7220230346617	32,2319491969549
8	12	0,20764	-119,81556	0,207497	-119,815843	2020-04-09 20:54:25	20,87	21,1097849384561	35,2572000490461
8	12	0,20764	-119,81556	0,207458	-119,815912	2020-04-09 20:54:35	26,347	32,2839528039648	44,0627167434753
8	12	0,20764	-119,81556	0,207418	-119,815996	2020-04-09 20:54:45	30,736	26,2268977420434	54,4034746675395
8	12	0,20764	-119,81556	0,207354	-119,816022	2020-04-09 20:54:50	18,986	31,8860411185744	60,418579268579
11	12	0,20764	-119,81556	0,207927	-119,815837	2020-04-09 21:10:25	25,84	15,545640056074	44,3522801819807
11	12	0,20764	-119,81556	0,207852	-119,815841	2020-04-09 21:10:30	24,56	19,1057843148581	39,1406078611421
11	12	0,20764	-119,81556	0,207783	-119,815844	2020-04-09 21:10:35	27,204	24,695890203563	35,356479036576
11	12	0,20764	-119,81556	0,207638	-119,815846	2020-04-09 21:10:45	19,03	17,824098880673	31,8023175250963
11	12	0,20764	-119,81556	0,20757	-119,815847	2020-04-09 21:10:50	18,038	37,8481410442755	32,8482530903321
11	12	0,20764	-119,81556	0,207496	-119,815848	2020-04-09 21:10:55	25,751	27,708371404403	35,8038874827978
11	12	0,20764	-119,81556	0,207456	-119,815917	2020-04-09 21:11:05	17,053	21,9192385625755	44,6587571731441
11	12	0,20764	-119,81556	0,207352	-119,816022	2020-04-09 21:11:20	25,475	34,0006003824035	60,5359310723144
2	1	0,15689	-119,9594	0,156478	-119,9594	2020-04-09 21:30:25	16,01	52,1737559732326	45,8123094226788
2	1	0,15689	-119,9594	0,156788	-119,9594	2020-04-09 21:30:30	16,095	49,7549843046716	11,3418824298856
2	1	0,15689	-119,9594	0,157065	-119,9594	2020-04-09 21:30:35	17,282	39,3548607052594	19,4591120120613
2	1	0,15689	-119,9594	0,157355	-119,9594	2020-04-09 21:30:40	12,633	46,8895817158558	51,7056404891882
8	12	0,20764	-119,81556	0,207349	-119,815965	2020-04-10 06:36:20	13,253	21,2885847115182	55,4531501635502
8	12	0,20764	-119,81556	0,20742	-119,815937	2020-04-10 06:36:25	25,783	31,2233539410941	48,5359336416787
8	12	0,20764	-119,81556	0,207486	-119,815911	2020-04-10 06:36:30	18,733	24,3390323903267	42,6205063838975
8	12	0,20764	-119,81556	0,207499	-119,815906	2020-04-10 06:36:35	31,837	23,7515842387412	41,5451726239668
8	12	0,20764	-119,81556	0,207574	-119,815896	2020-04-10 06:36:40	27,144	22,4579596744529	38,0752140835619
8	12	0,20764	-119,81556	0,207787	-119,815869	2020-04-10 06:36:55	25,486	29,9628159107672	38,048938490554
8	12	0,20764	-119,81556	0,207862	-119,815865	2020-04-10 06:37:00	28,93	35,7402562595055	41,9468435771684
8	12	0,20764	-119,81556	0,207936	-119,815862	2020-04-10 06:37:05	21,23	26,098754987043	47,0209671814451
8	12	0,20764	-119,81556	0,208078	-119,815856	2020-04-10 06:37:15	19,16	24,0950687128527	58,7819380403405
36	9	0,18299	-119,85558	0,182632	-119,85529	2020-04-10 06:40:55	23,278	58,0329607215966	51,2297534125294
36	9	0,18299	-119,85558	0,182701	-119,85529	2020-04-10 06:41:00	30,4	74,5443641735282	45,5248028170296
36	9	0,18299	-119,85558	0,182773	-119,85529	2020-04-10 06:41:05	24,009	60,3585023585769	40,274695157951
36	9	0,18299	-119,85558	0,18293	-119,85529	2020-04-10 06:41:20	23,034	62,1901348198357	32,9293109141381
36	9	0,18299	-119,85558	0,183004	-119,85529	2020-04-10 06:41:25	27,408	64,7865649316346	32,2839185443352
36	9	0,18299	-119,85558	0,18308	-119,85529	2020-04-10 06:41:30	20,883	49,9951367929388	33,7635737211688
36	9	0,18299	-119,85558	0,183138	-119,85529	2020-04-10 06:41:35	19,005	73,6050908593341	36,2029814142793
36	9	0,18299	-119,85558	0,183205	-119,85529	2020-04-10 06:41:40	24,133	63,0623009810575	40,1418519736311
46	9	0,18299	-119,85558	0,182556	-119,85587	2020-04-10 07:04:40	22,683	64,2087996018975	58,0406777873341
46	9	0,18299	-119,85558	0,182625	-119,85587	2020-04-10 07:04:45	29,993	71,9236374219581	51,8368924185666
46	9	0,18299	-119,85558	0,182849	-119,85587	2020-04-10 07:05:05	21,124	68,2353998321793	35,8558625294009
46	9	0,18299	-119,85558	0,182921	-119,85587	2020-04-10 07:05:10	26,319	59,0783064373667	33,14656065679
46	9	0,18299	-119,85558	0,182998	-119,85587	2020-04-10 07:05:15	18,676	67,8137223363437	32,2586315224703
46	9	0,18299	-119,85558	0,18314	-119,85587	2020-04-10 07:05:25	24,998	64,8294209256607	36,3046139317118
46	9	0,18299	-119,85558	0,18329	-119,85587	2020-04-10 07:05:35	26,987	47,3591819209542	46,3962930806396
46	9	0,18299	-119,85558	0,183363	-119,85587	2020-04-10 07:05:40	27,408	48,0020010549265	52,5362947689576
46	9	0,18299	-119,85558	0,183431	-119,85587	2020-04-10 07:05:45	22,72	62,2902321229483	58,6894508012718
12	12	0,20764	-119,81556	0,207413	-119,81594	2020-04-10 07:25:30	20,409	21,453663249902	49,2189370975347
12	12	0,20764	-119,81556	0,20748	-119,815913	2020-04-10 07:25:35	22,59	16,3929867598352	43,0953669205356
12	12	0,20764	-119,81556	0,207574	-119,815896	2020-04-10 07:25:45	19,449	27,3288190174523	38,0752140835619
12	12	0,20764	-119,81556	0,207719	-119,815877	2020-04-10 07:25:55	21,645	38,3934906624156	36,326665748631
12	12	0,20764	-119,81556	0,207792	-119,815868	2020-04-10 07:26:00	18,497	24,104991610231	38,191329979127
7	12	0,20764	-119,81556	0,207347	-119,815967	2020-04-10 07:51:55	18,587	15,3810182089548	55,763543266993
7	12	0,20764	-119,81556	0,207475	-119,815916	2020-04-10 07:52:05	22,525	18,0810521112357	43,6302785031844
7	12	0,20764	-119,81556	0,207785	-119,815869	2020-04-10 07:52:35	28,683	21,1355097662204	37,9539321082773
7	12	0,20764	-119,81556	0,207929	-119,815863	2020-04-10 07:52:45	27,073	19,1619170908302	46,5598519067131
7	12	0,20764	-119,81556	0,208073	-119,815857	2020-04-10 07:52:55	17,66	17,588198341932	58,3849432959364
7	12	0,20764	-119,81556	0,208081	-119,815856	2020-04-10 07:53:00	29,996	13,5965586966388	59,0586228170821
38	1	0,15689	-119,9594	0,15718	-119,95899	2020-04-10 07:54:15	8,363	45,6012599431682	55,8414161033031
36	12	0,20764	-119,81556	0,207348	-119,815967	2020-04-10 08:01:30	22,416	52,5333101048671	55,6986502109451
36	12	0,20764	-119,81556	0,207416	-119,81594	2020-04-10 08:01:35	21,673	56,7097233048876	49,0486988123645
36	12	0,20764	-119,81556	0,207484	-119,815913	2020-04-10 08:01:40	23,918	55,3389000627917	42,9136593623147
36	12	0,20764	-119,81556	0,207496	-119,815908	2020-04-10 08:01:45	26,526	55,3983239647112	41,8776108929073
36	12	0,20764	-119,81556	0,207569	-119,815898	2020-04-10 08:01:50	23,96	56,763926927767	38,4038846280809
36	12	0,20764	-119,81556	0,207642	-119,815888	2020-04-10 08:01:55	21,993	53,2659971113811	36,4723741703654
36	12	0,20764	-119,81556	0,207719	-119,815878	2020-04-10 08:02:00	23,637	51,423704157029	36,4345698349041
36	12	0,20764	-119,81556	0,207931	-119,815863	2020-04-10 08:02:15	20,548	44,5458651478607	46,713621255416
36	12	0,20764	-119,81556	0,208005	-119,81586	2020-04-10 08:02:20	32,342	46,7745192025084	52,535785886262
36	12	0,20764	-119,81556	0,208078	-119,815856	2020-04-10 08:02:25	27,275	56,4755289600489	58,7819380403405
46	12	0,20764	-119,81556	0,207283	-119,81599	2020-04-10 08:24:50	29,766	56,8930752420329	62,1445924080434
46	12	0,20764	-119,81556	0,207353	-119,815963	2020-04-10 08:24:55	26,668	51,5245962976765	55,013499332963
46	12	0,20764	-119,81556	0,207487	-119,81591	2020-04-10 08:25:05	26,796	50,3028351237532	42,474044451655
46	12	0,20764	-119,81556	0,207573	-119,815896	2020-04-10 08:25:15	22,148	63,301144605296	38,0968027664985
46	12	0,20764	-119,81556	0,207789	-119,815868	2020-04-10 08:25:30	24,476	51,3431677330685	38,0448776117722
46	12	0,20764	-119,81556	0,208001	-119,815859	2020-04-10 08:25:45	22,597	58,0155696946723	52,1219408039553
10	12	0,20764	-119,81556	0,207282	-119,815992	2020-04-10 08:26:25	15,526	24,6498134997773	62,3867505323089
10	12	0,20764	-119,81556	0,207345	-119,815967	2020-04-10 08:26:30	17,173	14,303137970819	55,8937669896752
10	12	0,20764	-119,81556	0,207567	-119,815898	2020-04-10 08:26:50	22,369	23,2383396854908	38,4502181583322
10	12	0,20764	-119,81556	0,207638	-119,815888	2020-04-10 08:26:55	25,83	32,5057558678511	36,4723741749791
10	12	0,20764	-119,81556	0,207785	-119,815869	2020-04-10 08:27:05	20,347	26,2287166132809	37,9539321082773
10	12	0,20764	-119,81556	0,207928	-119,815863	2020-04-10 08:27:15	31,862	13,6856103204494	46,4831754713457
11	12	0,20764	-119,81556	0,207286	-119,815989	2020-04-10 09:10:15	20,501	12,1998966175708	61,8462325799922
11	12	0,20764	-119,81556	0,207488	-119,81591	2020-04-10 09:10:30	19,727	21,5730390432767	42,4296280560157
11	12	0,20764	-119,81556	0,207571	-119,815896	2020-04-10 09:10:40	23,584	41,3672282962699	38,140916008133
11	12	0,20764	-119,81556	0,207775	-119,81587	2020-04-10 09:10:55	20,063	27,6917632347831	37,5969985397906
11	12	0,20764	-119,81556	0,207791	-119,815868	2020-04-10 09:11:00	13,901	20,3205265426416	38,1422508415306
11	12	0,20764	-119,81556	0,208	-119,815859	2020-04-10 09:11:15	26,681	17,4328914407807	52,0363531066036
11	12	0,20764	-119,81556	0,208068	-119,815856	2020-04-10 09:11:20	15,552	24,5894931738368	57,8639896887681
18	4	0,15109	-119,90952	0,151525	-119,90981	2020-04-10 12:24:35	8,922	14,3132680016333	58,1331935680016
18	4	0,15109	-119,90952	0,151169	-119,90981	2020-04-10 12:24:40	5,066	26,6707883157249	33,421505536232
18	4	0,15109	-119,90952	0,150887	-119,90981	2020-04-10 12:24:45	17,124	15,1126906019667	39,361812598376
46	12	0,20764	-119,81556	0,208079	-119,815831	2020-04-10 18:32:00	15,1	56,8276183840578	57,3663484268973
46	12	0,20764	-119,81556	0,207999	-119,815835	2020-04-10 18:32:10	20,949	47,3313277875419	50,2848246504869
46	12	0,20764	-119,81556	0,207859	-119,815841	2020-04-10 18:32:20	22,546	76,5428233431443	39,6142690348146
46	12	0,20764	-119,81556	0,207636	-119,815846	2020-04-10 18:32:40	14,899	66,9926387075943	31,8046501605224
46	12	0,20764	-119,81556	0,207493	-119,815848	2020-04-10 18:32:50	20,701	46,6140108322798	35,9543099368109
46	12	0,20764	-119,81556	0,207459	-119,815917	2020-04-10 18:32:55	21,893	45,9891562235828	44,5069171122498
46	12	0,20764	-119,81556	0,207428	-119,815981	2020-04-10 18:33:00	26,301	49,3623545382507	52,4131262481729
46	12	0,20764	-119,81556	0,207419	-119,815999	2020-04-10 18:33:05	19,298	61,7681547287301	54,6508605399318
46	12	0,20764	-119,81556	0,207349	-119,816026	2020-04-10 18:33:10	26,075	45,0429050608106	61,0898639933067
12	12	0,20764	-119,81556	0,208135	-119,815823	2020-04-10 18:49:15	18,455	32,9714684313277	62,3280132432388
12	12	0,20764	-119,81556	0,207845	-119,815841	2020-04-10 18:49:35	23,044	27,2250626247381	38,6768116427082
12	12	0,20764	-119,81556	0,207427	-119,815978	2020-04-10 18:50:10	28,848	31,6884572083261	52,1657940793366
12	12	0,20764	-119,81556	0,207418	-119,815997	2020-04-10 18:50:15	24,32	34,5979470107897	54,5025867112822
12	12	0,20764	-119,81556	0,207351	-119,816024	2020-04-10 18:50:20	27,815	35,3859132305748	60,7834810064775
11	12	0,20764	-119,81556	0,208069	-119,815832	2020-04-10 20:32:55	33,906	31,831931768771	56,4826472573627
11	12	0,20764	-119,81556	0,207999	-119,815835	2020-04-10 20:33:00	30,177	31,6583662330777	50,2848246504869
11	12	0,20764	-119,81556	0,207929	-119,815838	2020-04-10 20:33:05	28,078	31,2207913348907	44,5895789026871
11	12	0,20764	-119,81556	0,207858	-119,815841	2020-04-10 20:33:10	35,25	25,5694029035255	39,5460125308513
11	12	0,20764	-119,81556	0,20778	-119,815844	2020-04-10 20:33:20	23,814	32,7098456234413	35,2077166196947
11	12	0,20764	-119,81556	0,207712	-119,815845	2020-04-10 20:33:25	25,425	27,1065722725437	32,6860000581304
11	12	0,20764	-119,81556	0,207637	-119,815846	2020-04-10 20:33:30	27,612	41,9752863467724	31,8032894774835
11	12	0,20764	-119,81556	0,207565	-119,815847	2020-04-10 20:33:35	25,819	29,7475512968097	32,984418401125
11	12	0,20764	-119,81556	0,207458	-119,815914	2020-04-10 20:33:45	26,416	26,1855557869485	44,2603794117897
11	12	0,20764	-119,81556	0,207425	-119,815983	2020-04-10 20:33:50	22,984	38,4305556160238	52,7621566153144
5	12	0,20764	-119,81556	0,207993	-119,815835	2020-04-10 20:40:05	28,501	30,5056922946893	49,7568412549724
5	12	0,20764	-119,81556	0,207925	-119,815838	2020-04-10 20:40:10	17,291	22,343959630783	44,2701037689223
5	12	0,20764	-119,81556	0,207852	-119,815841	2020-04-10 20:40:15	32,816	9,30161482210907	39,1406078611421
5	12	0,20764	-119,81556	0,207635	-119,815846	2020-04-10 20:40:30	28,073	16,1626572328259	31,8063995243232
5	12	0,20764	-119,81556	0,207428	-119,815977	2020-04-10 20:40:50	23,44	27,129953010421	52,0162587539218
5	12	0,20764	-119,81556	0,20742	-119,815995	2020-04-10 20:40:55	20,172	34,1724173540325	54,2036791205311
10	12	0,20764	-119,81556	0,208071	-119,815832	2020-04-10 20:43:35	20,436	27,2085780421452	56,6705925229134
10	12	0,20764	-119,81556	0,207996	-119,815835	2020-04-10 20:43:40	29,206	14,5577875180541	50,0204172523338
10	12	0,20764	-119,81556	0,207926	-119,815838	2020-04-10 20:43:45	19,435	23,8211955112256	44,3497701181026
10	12	0,20764	-119,81556	0,207782	-119,815844	2020-04-10 20:43:55	18,295	19,2960599571256	35,3066110118737
10	12	0,20764	-119,81556	0,20757	-119,815847	2020-04-10 20:44:10	18,536	29,7347375734196	32,8482530903321
10	12	0,20764	-119,81556	0,207428	-119,815981	2020-04-10 20:44:30	24,047	25,7538723728042	52,4131262481729
10	12	0,20764	-119,81556	0,207421	-119,815996	2020-04-10 20:44:35	18,407	21,8417141974223	54,2529268456094
9	12	0,20764	-119,81556	0,207711	-119,815845	2020-04-10 20:50:10	42,248	50,081322362703	32,6589421646856
9	12	0,20764	-119,81556	0,207639	-119,815846	2020-04-10 20:50:15	36,484	38,5081748112105	31,8017343390029
9	12	0,20764	-119,81556	0,207495	-119,815848	2020-04-10 20:50:25	41,952	45,4309742223026	35,8537535688377
9	12	0,20764	-119,81556	0,207464	-119,81591	2020-04-10 20:50:30	49,761	46,2825305357542	43,5615105288455
9	12	0,20764	-119,81556	0,207432	-119,815975	2020-04-10 20:50:35	44,56	40,9945294598626	51,6172954186104
9	12	0,20764	-119,81556	0,207359	-119,816021	2020-04-10 20:50:45	53,481	50,2760866886575	60,0328225807766
8	12	0,20764	-119,81556	0,208171	-119,815739	2020-04-10 21:04:25	29,309	19,6982533408959	62,3090148337285
8	12	0,20764	-119,81556	0,208104	-119,81577	2020-04-10 21:04:30	25,981	16,6408239824397	56,6325504796215
8	12	0,20764	-119,81556	0,208073	-119,815784	2020-04-10 21:04:35	17,251	1,98548642435307	54,2084489033795
8	12	0,20764	-119,81556	0,208002	-119,815795	2020-04-10 21:04:40	22,86	13,6699078947169	47,9904048650563
8	12	0,20764	-119,81556	0,207795	-119,815826	2020-04-10 21:04:55	24,619	22,0028868056139	34,2328834877185
8	12	0,20764	-119,81556	0,207559	-119,81584	2020-04-10 21:05:15	24,154	37,9064663816665	32,4109787724087
8	12	0,20764	-119,81556	0,20749	-119,815843	2020-04-10 21:05:20	21,717	19,3788877708866	35,6150159155374
8	12	0,20764	-119,81556	0,20746	-119,815907	2020-04-10 21:05:25	20,248	25,3860417482023	43,4667521601175
8	12	0,20764	-119,81556	0,207428	-119,815974	2020-04-10 21:05:30	28,086	25,0524162363834	51,7191197767276
8	12	0,20764	-119,81556	0,207415	-119,816001	2020-04-10 21:05:35	26,793	21,8363809906873	55,0502987534293
7	12	0,20764	-119,81556	0,207779	-119,815844	2020-04-10 21:10:40	25,479	23,986711289809	35,158692619632
7	12	0,20764	-119,81556	0,20771	-119,815845	2020-04-10 21:10:45	24,87	18,96119757435	32,6322407360498
7	12	0,20764	-119,81556	0,20749	-119,815848	2020-04-10 21:11:00	27,904	15,6652920390242	36,1071877164511
7	12	0,20764	-119,81556	0,20746	-119,815911	2020-04-10 21:11:05	21,384	23,3680940781163	43,8620479248592
7	12	0,20764	-119,81556	0,207427	-119,815981	2020-04-10 21:11:10	18,858	30,6581161290599	52,4632312733538
7	12	0,20764	-119,81556	0,207417	-119,816	2020-04-10 21:11:15	26,14	27,7273650283214	54,8503797060854
